$ANSIBLE_VAULT;1.1;AES256
62306336636630383637613234646639636533383665336132393661353566306261366333303636
3330623731616434616661326530323630656238633131630a306231626530613435323766336238
61616466363235633436636166333564333036366337343035643562366264613137313039316463
3130373266373933320a313161663230653434646433643232366330623832343965346631326435
34633331326432666161333439623535386634313135653165333733623231653663306130356633
39326131353466623038643535393663316333316462636432646633376135303264326266383535
32626438373264316332393935393935656462313465613237643731343939393439333437303863
35333030623634343736356262376366373663633838386632326664336531643734643861353333
32616530643665386562366531366630663639626564616632343735303835326362653538393962
37353338653664623561366463303661313536363739653734346239646634336637303531303133
32326638653531333439663135663834383262303938353365333864666465623766613332656335
63303166333334653037313934313530303866633661393737653336396636643139343336373033
37653432633165323937396532646661323364343032653065353864353961363836373164663563
37393837363861383461323062373735626637373464396563613466663732383438313862383437
34383630636539313231623631376538306439303135633163643433373535316338653737346236
35373133366465643762666438393763363030356161323633653835353831643261613333383739
30666433653437666135656139383938333564383566386136653765666638626463393435623238
39323766393666643337383634363962643664346162656336356238303437356431303365323766
61646562663937386433366331386134663536663864386436353030396231316436626630633536
37633365323732663438633231326463376334386465386462386165393636613139396662323861
66613538353564653964383463386439623262633336356334353863323531646534343037633330
39663835333232346538616263336132666435333037643863343336333361656366313636643562
34343237393734653363383264333737336132633033303336383963343934306165313166313461
34316264636564633131363631386131623561393236613232653666393765623165323665666566
30343535663762353938373866633038393265313266613061663264363831376261323332336466
35366236303537386539646139383333636238386462353939383834666666653731626438613031
32646533616635333462383931316463313663346239373335633430386265343461326531633737
30333161303166653536626139633232316463356531366137646638666130653530353464303434
34656666643332323132333730393531313862656461653730383739623238366630366237333139
66353366383333363931656336386130363461313261336161363664336164373263323636663261
34343366316438306538343262653931623136656564653465633039653339643537353562633634
33643361383839623265303631353734636530616566353939386231623465363836313338323933
31356333663030316562646136643937663130303835653266636236346166646333313430313838
37653166323536633439636232343732353964366334613537376432653864643530636433653931
61636565663230646635616634353461386664636330393131373730303332636362653539313539
38376263383661623338303464396530313565353338303333333739326337643738386237653131
34336564346639366133666534323338326636376234323636633764336164306464656236666666
36363930366639386134303763313431356232336339616535653163626630613233626137366231
39313163383838353461363863653561656630643230343764323538376234616435373135646537
35393838316535633364663338643939373631623165653336333866333936343239666461326537
30663635353034343764653664626663396434336566396366333534353536303437383534383737
63356536306464373262326630316536613865366164363561643565393162396631643232333133
36323731613835663265363161666530323961653163666438353465613433656134313636333066
63393363316532313639633634663430626139383061656639373466396232633033376161303337
63303561393838376330306630343131613337383861633766633638313565643235656638616337
38323830306435663938636236656230646261323939326439636339666462353665323035353231
32633439663530393333633932626433326434363063643361663438353438346662613335613766
62316331396336663733303065353765323738326238313765656332316134323234653861306464
30643236643834396531666639633866643666353130623865653634646561333164353661336636
34613432396463623732333539323966643132653130663565396661376366346138373131656430
31343032666232346639653339346534643565386436383363653765346639623837393964376263
66313132396432313938373633356334633232306130323161633139396166313866396131323063
64383639633062383438636462343433313835353566633231306365623763626565656264633763
33623030616530346461653265643538343635373634386664326339666634386562396164313564
63656464303436313262656135383135666465613563353233313832616335616535333561373136
61643066363534393835336236373766656332393039613166646336613534386532346564613838
31643638316565656531633464613931633961363536323032326632646232336530386164343161
66656133653039343138666633323838653537666536366361336466393430643765666439363263
66636338336466383464373139373261356462616133323933353637343532383764633364336532
30386539633339633235623866356131623931613166323063653130323233613961363536393138
65636132373737636362363330393363383733343839613261623839653063313738333364313632
31386538393534343239633035333764353764393165373030646337303039313066613163613336
65356263353432303835613237646536353561346335336331393764343963313737633630343166
35323837646537653436383430333635313062306564346331363734343935623831376634333337
32303139626238386537653362346234663963333339656534653939343063643730666437623864
32326638343032343231643166383532626235623335303265623965623932656134393836343533
66366234373938393063626265663739313230353663306365646361396663316536633363646237
63656337373937303237316430343161353166653736316531386133646338663064306132643731
33303332366565303761323230383365393732346330376262613533646432386233633631626235
64376437323061333030626663303433356562613639663035643239633936386132336438653463
61396264303662663866633030303730616565623436643939346134383138646635373261376333
64633134383731323965313666393939336264353832396366396337333265633330313733626134
65366561333266633938646438376265613833353836343866303030646136363838333834636462
37316662343937643533343766383639333137666134633134636461626230336134313532333731
36616434373232633364323966623164393435343033343631343665336663346435623439643264
30646632303361313236656434316165663265376639653032336665373265323663373633633536
39323235383462373130633435336639663261333066633962313234313034626432643661323266
30646163643636646266363836383433336237366462646166396537346364353361303138383763
31623338646237636665303438643736663338613435626233303232666261623237333537373865
39323766656264626131663833356635626461636162626435653336653538313035613336343739
63613639346264633337363235393034326633306438333931626363366332383533626635346633
34356234333034616238313034643732323361336231396532363336386564306439376461316239
35336332333531363332656263343964353466356366376632653534313265303135313131303133
62326637666437623063336635323430616264343133363862643538386531383431323763626637
61613061393064363139353862323831363638373837373737653164656165346561336362663135
61616539383936393137666132303432663239346132333336353639636433633733306265353363
39373165353338616335323964633332333063613139333662633331666539346538363538306561
32323634666661633164
